0
0 
0 
0 
0 
0 
0 
0 
0 
0 
0 
18 
37 
95 
113 
98 
84 
69 
58 
48 
11 
9 
6 
4 
23 
55 
42 
16 
8 
1 
1 
1 
1 
1 
1 
1 
1 
1 
33 
19 
31 
74 
69 
64 
64 
64 
64 
60 
56 
52 
50 
48 
63 
47 
47 
19 
3 
3 
3 
3 
3 
3 
3 
3 
3 
3 
3 
3 
3 
3 
3 
3 
20 
30 
40 
59 
54 
50 
45 
41 
50 
50 
59 
49 
14 
14 
24 
24 
16 
9 
1 
1 
1 
1 
1 
1 
1 
1 
1 
1 
1 
1 
1 
1 
1 
1 
1 
1 
1 
1 
1 
33 
90 
119 
149 
248 
254 
219 
161 
179 
179 
164 
174 
139 
170 
202 
215 
196 
192 
189 
201 
213 
132 
116 
75 
34 
25 
15 
6 
6 
6 
6 
6 
5 
5 
5 
5 
5 
4 
4 
4 
4 
4 
3 
3 
3 
3 
2 
2 
2 
2 
2 
1 
1 
1 
1 
1 
0 
0 
0 
7 
66 
137 
50 
33 
183 
162 
77 
27 
16 
5 
135 
111 
88 
42 
16 
9 
3 
3 
3 
3 
3 
3 
3 
3 
3 
3 
3 
28 
4 
